16073|64
19406|79
12703|230
10965|108
6584|38
43692|14
6192|30
22909|61
18068|32
10143|50
17727|142
26978|105
58326|53
197071|52
7672|21
34209|4
5538|36
8763|183
681|26
12831|99
8542|54
12713|199
13618|32
3745|26
196655|84
7850|52
25540|110
6360|53
6364|51
3527|53
17551|28
14877|50
15879|106
15703|71
1616|181
3238|100
35096|23
27814|53
26810|107
33991|54
29802|40
31115|2
3257_46806|5
13|26639
5615|53
6772|70
21385|248
12767_2819|28
9431|81
9182|26
44684|51
18547|108
14085|178
18366|44
13273|108
12929|100
2847|72
30764|52
59|106
34087|15
28343|78
31562|14
197264|80
29632|71
50986|15
19165|27
39392|310
51580|98
35467|40
12739|102
35662|48
32244|158
24611|26
25146|104
57795|48
50188|79
12112|54
41692|64
48200|160
21409|62
14988|4
818|10
2852|54
7046|35
196689|26
198477|52
50997|50
4777|7
13645|18
30857|11
53952|24
12271|3
41897|282
9700|18
21473|52
15623|22
28625|49
39637|36
21501|76
57928|10
52141|50
15130|208
131159|3
8501|725
8508|26
31012|73
48910|50
28707|79
29655|54
24742|53
12|50
35805|30
30071_33437|77
43950|53
25369|10
43557|54
25509|11
42689|35
20603|30
42973|62
39737|110
3277|26
33397|50
30170|77
9398|266
50204|24
7795|113
50442|54
13791|77
26008|25
44814|33
30950|89
11250|25
55675|54
262699|65
17564|101
13415|25
39211|20
26085|47
42369|2
31430|15
20850|215
6062|17
2602|65
4557_4551|122
2609|2
14824|38
45637|51
39728|58
3462|78
45352|294
58470|51
33362|54
7016|18
29259|143
38794|108
12897|6
50300|223
50304|226
38332|84
11317|208
51011|27
7587|26650
35000|120
43376|35
19019|39
32621|49
27272|11
195|26634
20547|205
24904|54
49605|54
9150|69
9153|125
37419|52
13246|54
20552|60
9026|167
33770|51
8903|32
34270|83
12931|54
54046|54
31283|232
24482|90
24245|52
24|130
49677|11
24796|118
22571|48
50928|13
11272|81
36030|18
47749|89
22799|49
60889|27
13285|100
52888|27
25534|54
3663|105
24931|50
45177|104
25220|4
20836|136
43638|10
9584|124
13213|99
33343|52
29278|118
14803|73
36647|26
11776_22719|349
34261|53
38022|501
10019|51
16942|93
8251|63
40490|38
41705|26
24492|135
47211|54
15997|25
9829|59
13868|30
61188|14
19214|4
22781|16
4704|11
23541|54
11426|62
199399|41
16462|28
22957|52
8916|53
26785|50
24319|268
44030|35
40009|69
18229|48
8224|16
14743|205
15699|51
35819|108
262524|4
58441|38
50607|446
12188|5
55895|27
16175|212
46609|56
20530|426
9211|45
36752|39
42957|35
10102|86
45731|2
33923|48
1797|55
55722|54
5413|54
29527|108
197155|6
8697|37
30176|4
29140|4
23145|24
8342|59
54372|7
24693|46
20940|97
43733|30
13765|73
39134|41
32354|6
31479|209
11404|440
9443|107
57537|50
24875|56
49223|25
20771|138
45834|27
53250|104
15743|77
15525|100
12996|4
33864|33
29535|164
35189|70
47777|46
29154|91
43727|55
29152|10
8374|29
51408|29
12571|15
51406|76
31424|24
15372|18
20712_41489|27
12617|52
29488|50
26592|239
4007|35
21013|437
6130|175
55569|212
21162|130
11706|37
48610|48
9208|16
22923|16
29551|104
198611|54
6315|30
9607|206
14116|126
58656|53
17707|12
12643|104
33302|97
33873|54
45133|49
21221|16
45245|39
6774|72
44953|72
34594|52
1798|162
42760|4
30781|419
28762|17
28760|41
35223|11
43081|54
21570|29
27299|137
31661|6
50655|48
262757|108
6122|120
43404|81
34442|72
21127|176
8676|64
43061|104
49750|79
60587|60
9318|106
18865|13
41552|26
59605|18
15725|47
44417|19
197595|196
8823|108
18266|53
15657|52
1741|74
39905|25
5521|62
28685|54
8553|98
8554|50
16300|104
38345|106
