16073
19406
12703
10965
43376
15525
43692
6192
22909
10143
12996
17727
26978
58326
197071
7672
34209
5538
37419
8763
681
12831
8542
31012
12713
13618
3745
196655
7850
25540
6360
6364
14877
15879
15703
8374
1616
3238
8916
27814
26810
33991
29802
31115
11776_22719
24742
15699
5615
9150
6772
21385
9431
12617
9182
58441
44684
18547
14085
13273
12929
2847
30764
59
34087
28343
31562
197264
50986
19165
39392
51580
35467
12739
35662
32244
24611
25146
57795
50188
41692
48200
45637
55569
21409
29632
14988
818
2852
7046
196689
50997
4777
13645
22923
53952
12271
41897
33302
9700
21473
15623
28625
39637
21501
57928
15130
8501
8508
14116
48910
28707
24482
29655
12
35805
43950
25369
43557
25509
42689
42973
39737
3277
30170
9398
50204
7795
50442
13791
44814
30950
12112
11250
55675
262699
17564
13415
26085
20850
6062
2602
4557_4551
2609
14824
39728
3462
45352
33362
7016
29259
12897
50300
50304
11317
51011
7587
35000
19019
32621
27272
195
17551
24904
49605
9153
13246
20552
9026
33770
34270
12931
31283
24245
24
45177
22571
11272
22799
13285
52888
8676
25534
3663
24931
49677
25220
20836
47749
43638
9584
13213
50655
33343
29278
14803
36647
38022
10019
8251
40490
41705
24492
15997
9829
13868
43404
19214
22781
59605
8697
11426
199399
20547
22957
26785
24319
44030
40009
18229
8224
14743
35819
198477
43061
50607
12188
16175
16942
46609
9211
36752
42957
10102
45731
33923
54046
1797
30857
5413
29527
197155
23541
30176
29140
23145
8342
20940
43733
13765
15657
39134
32354
31479
11404
9443
57537
24875
28685
16300
49223
45834
53250
15743
12643
39905
18068
33864
29535
35189
47777
29154
43727
29152
51408
12571
51406
31424
26592
4007
21013
6130
21162
11706
48610
9208
198611
6315
9607
26008
58656
17707
33873
38794
21221
45245
6774
44953
34594
1798
42760
30781
31430
28762
28760
50928
38332
35223
43081
21570
27299
31661
47211
262757
6122
34442
4704
21127
16462
49750
60587
20530
9318
41552
36030
15725
44417
197595
8823
18266
29488
29551
1741
15372
5521
8553
8554
39211
