7514
32522
32787
4788
278
8758
25441
30700
9617
197692
17660
41164
8839
557
553
41562
13188
1759
34554
262354
27765
7459
8495
10881
378
56595
12714
16713
31708
36944
21737
10578
47956
18712
27817
34305
9989
55329
31377
16016
29748
3680
7992
46849
9619
5050
45796
20473
7332
21414
15600
38759
15935
47232
37992
29909
197269
8943
8455
19169
61327
39399
21416
45204
4741
24940
4608
31815
42000
39309
51127
2722
21396
18779
16276
41157
15925
14325
30282
34984
15589
8732
8517
6503
38149
8469
8190
28885
4685
4775
9942
17828
17709
49743
43541
51155
45629
9365
5381
3249
12637
198236
3308
9381
790
42525
42979
39554
29430
34511
8057
43333
5661
34602
14
29066
11796
16186
53166
24961
13319
10756
20932
12310
7594
15943
29396
31027
15497
8664
13039
46281
43366
132730
32703
55694
19318
11670
6189
5017
16417
5432
9723
45773
12329
10255
20037
2586
17955
29671
40581
12659
28299
21775
17554
3676
3582
2764
21207
42739
42227
9733
26878
18200
7004
33287
11855
29405
30023
50316
39451
15960
8648
11303
15368
7752
25358
3662
2576
21947
21232
3598
20634
47541
9583
199254
41075
9050
36646
17939
17941
11051
29695
29056
27678
6124
27781
27364
12496
16083
6679
13746
131148
16880
21949
20804
41281
9226
196714
48539
10084
24989
40715
29863
13249
16302
8220
8226
59469
14742
29686
29512
5760
26794
34031
23956
9264
32181
36086
49010
20811
48635
2640
39658
10587
34006
41495
45456
21413
4434
7700
29147
49272
25309
8717
10848
32571
16626
47605
25473
1887
1880
43646
131
21371
20773
9063
46832
8804
33647
6580
44980
30848
31122
35369
12578
51405
35745
24424
19733
12611
24739
262761
12778
39783
39781
20766
42610
9785
8966
34372
31877
30870
28788
8175
5435
48344
23184
7477
19092
24993
45758
49983
35425
16285
46920
3245
12399
12392
34549
38652
33660
2819
39904
25178
11170
8391
25933
