7514|107
32522|54
32787|305
15368|41
278|255
44980|62
25441|154
9617|54
49743|53
197692|10
41164|52
8839|37
557|70
553|222
17828|39
13188|661
1759|127
8648|52
47212|25
34554|52
262354|5
27765|128
7459|154
8495|53
10881|526
5661|21
378|26
56595|40
12714|66
16713|165
48539|79
36944|458
21737|54
10578|687
18712|18
27817|79
34305|161
34602|15
29863|120
9989|61
55329|204
31377|237
16016|98
29748|186
3680|74
7992|119
46849|156
9619|54
5050|161
45796|112
30870|38
20473|162
7332|102
21414|142
15600|100
38759|27235
15935|202
47232|123
37992|105
39570|53
29909|16
197269|36
8943|129
8455|1178
19169|753
61327|33
39399|29
21416|140
45204|103
4741|52
43333|142
4608|233
31815|29
42000|467
51127|53
30848|37
6189|51
2722|178
21396|159
18779|96
41157|54
15925|54
14325|135
30282|108
34984|204
15589|175
8732|422
8517|110
6503|138
35369|54
38149|13
8469|52
8190|26
28885|195
4775|157
9942|158
41562|100
39781|26
43541|241
51155|54
45629|98
9365|6
5381|118
3249|156
23956|50
198236|22
3308|192
9381|288
790|764
30700|162
42610|68
39554|13
29430|106
34511|26
8057|32
14|51
15960|179
50144|112
24940|62
23902|44
11796|94
3190|27
53166|54
24961|28
11468|52
13319|53
42979|255
10756|24
20932|103
12310|235
15943|101
29396|187
6922_276|127
31027|770
15497|54
8664|39
43366|57
132730|162
32703|174
55694|28
19318|118
11670|2315
5017|27
16417|10
9723|155
45773|55
5435|97
12329|109
10255|4
20037|83
25358|206
58749|992
17955|45
29671|38
49983|50
40581|103
12659|23
28299|385
4788|1214
45758|94
17554|264
39658|48
3676|310
6129|39
3582|26685
2764|136
21207|52
42739|96
42227|52
9733|6
26878|39
18200|432
7004|234
33287|22
23184|23
29405|56
30023|52
50316|54
8246|186
39451|101
29066|93
11303|56
7594|78
7752|64
20634|160
13683|52
16326|52
3662|521
2576|59
21947|54
21232|68
3598|102
9583|219
199254|27
41075|157
9050|292
36646|28
17939|52
17941|112
11051|54
29695|112
29056|222
27678|26946
12778|305
27781|137
26794|79
12496|27
16083|169
13746|54
131148|54
16880|57
21949|134
2586|29
4685|53
20804|75
41281|32
9226|19
196714|161
10084|186
24989|50
40715|46
13249|196
16302|22
8220|1204
8226|158
59469|26673
14742|153
29686|51
29512|56
5760|24
34031|54
31877|149
12637|127
42525|368
32181|66
16186|50
36086|106
46281|106
49010|52
20811|26
48635|233
2640|37
10587|66
11855|109
34006|72
41495|132
21413|27
47541|112
50344|68
4434|126
7700|50
29147|52
49272|27
25309|148
8717|232
10848|54
32571|26
16626|11
47605|333
25473|106
1887|184
17660|51
1880|69
43646|130
131|27
21371|249
20773|26
3245|100
9063|436
46832|399
21775|192
8804|27
33647|12
6580|18
8758|183
47956|142
31122|79
39309|56
12578|336
51405|65
35745|27
33660|106
24424|114
19733|9
12611|270
24739|97
51089|49
262761|162
16276|33
39783|49
20766|23
31708|22
17709|386
9785|104
8966|78
34372|31
13039|48
28788|51
5432|38
6679|133
9868|53
54456|105
48344|27
12541|53
7477|311
19092|128
24993|52
6124|7
35425|91
27364|26
16285|133
46920|156
9264|11706
12399|6
12392|30
45456|27
8954|74
38652|29
2819|128
39904|50
8175|27
11170|81
25178|48
8391|192
34549|54
25933|515
